tx 3b44aff2267a5ee2687d8d6cc6031622d80654e987bbc55af062e48dc156c7c7
Testing... one, two three..

tx db917e0992adac09a5aa2f8691c9fb7c5ce698cf0e3f3251883323d7e167121e
)000000000000000000000000000000000000000000000000

tx 5da82ef18664968630fe14440caaa4882d00141fb74e054c941866b985fd008e
Hello, escrow!---------------------------------------------

tx 697272322ab921b96c2de5551fc8ea3dab99e28aa26a6fdd82ec5b132c4fefe6
e83482237805783a22ecc02126d32e45a6e839d7131,67,211,152,174,224,234,55,151,212,97,125,205,215,100,59,

tx e96896ec57cbbc53d558f6e27345efcdcd6d4623ab9c8b28f3938b283ae1c615
e83482237805783a22ecc02126d32e45a6e839d7250,166,45,197,42,215,65,18,4,138,93,38,72,178,15,143,69,189

tx c06ad79482afb7ac3b282ebb1261d0bfd1ab9a140e4301048928dcb79e1e5047
8e444225e2b1e123e105c1cc1e929f289ef4905a39,47,252,171,5,142,22,8,41,10,62,189,204,242,232,208,119,15
