5833b94e9482710847eeb3200d875d8e8ae67ceb59b8db723c8c182c4f030b19 1
e8a4efcf352951c70e8e699688dbb1230c0e1a3481d60986614bc7b4a95425aa 0
86390f304a3159d9779eead54a5f06df7702420f3dc6ba80c7ac53a418fd0ea6 1
0fabd1f96be733ccabc6728b71caeda251a5dae3664da79ea63700cbcce22d3f 1
a88336f7bcfb116f36b120ed674d9c986b7fed8e4ee689b9b14c0cea3d5c2663 1
0bf03d1c48a1cf18ff31b5fe0b14ce535bfdeb3d1ab53334ac68ff3b01bb1b7e 1
8d29121c421287b12786ee2aa7a47e3a9154287cac608a64e2d53f88f93ac709 1
e75ea0d826c6fe290d318e4b7cb3e3d1921eb7bb14571a602e063e22bc36ba12 1
4394954a795b98ec6ac3508b7e4b842b69e737e5ff70fe1ed4ef14be794516f6 0
09adfa4eb51fdebe0eb3478b0c0fcaa05ffcb1b6b09b62a0cc0f7041773ebab4 0
a6e1c7721ccc21f282e4806c41385d738f810984343b97c3980f03deb5b03d3e 1
44abf568ff99c480734723fce828162d5bd1249ffb259e96e0a0d405aa2a1254 0
e8a125d74f5b2b2a9a25114ef457e1bd1fa6718681ab544749ed15bb025d8b08 1
4ff2b052f4c4fc57f6d54598e7ab45354c6613d5c7b2d36c256b8f12cd09f0d7 1
2dedaaf428779e5bec2fd1c91800ba3ba12c7c468faf459b4d99a17fa753c132 1
593a9f5702e82365406a702a7c7828e127cd31847139d881f8fbb5680b7f049f 1
937fcd5720be952c3930325b77a34b74c8544363d4f75e7d9e77f9591c3d72ae 0
b75645665438d22d0c10ae05b1b213f98e58b24c7dab4c82728940acfad0bde7 0
e9c77fd79d71d1edaeec4e08bf93e5a27fea86fdfff2d913b95e45b10a04ff3b 1
f4bd6c304776a2c7429809fef985d37c35cfde7de9ddba78efb5fde8259d06be 1
b3b4a5ad336ee4b4bb574c75d17db17df674530d2ac2b9498c40c24558832b13 0
43593fc54b8e9664af409362b1b91189aa7fe6dd89893d5a66fae7267bf2abe5 0
ae8f99a367196748ad9c9f8a075c0fe2a9bfb092b3c61a6c278cb30ee2074be7 0
d6bdf6d1e19e4928e00b92acc859ada85b7be2b04fb5ab94b7fb5da548203cca 0
e8fc53987a0a043246b2893fe8e622497bf46456edb72f6b750d8f52d8c6a6b4 1
973c24e867c285d21a8ef076e4bd57d6fb4ead6197233fd23bd6c3d88f74fb75 1
ca317de524d39d8658879937990021a180c3b2d1bd79fd7a4c8a971401e67482 1
963f153a7e69dff8a4cca0393d8bad144e9c7e9b6f2b6686a256d25ae27aca0e 0 1 2 3 4 5 7
dfdf266e87bbf6514ec148379a18eb810990ebc0c705070f375ec888f8a327f2 0 1 2 3 4 5 6 7 8 9 10 11 12 13 14 15 16 17 18 19 20 21 22 23 24 25 26 27 28 29 30 31 32 33 34 35 36 37 38 39 40 41 42 43 44 45 46 47 48 49 50 51 52 53 54 55 56 57 58 59 60 61 62 63 64 65 66 67 68 69 70 71 72 73 74 75 76 77 78 79 80 81 82 83 84 85 86 87 88 90 91 92 93 94 95 96 97 98 99 100 101 102 103 104 105 106 107 108 109 110 111 112 113 114 115 116 117 118 119 120 121 122 123 124 125 126 127 128 129 130 131 132 133 134 135 136 137 138 139 140 141 142 143 144 145 146 147 148 149 150 151 152 153 154 155 156 157 158 159 160 161 162 163 164 165
3ab643b3af537ff3aefa78fbffb9fab5972b14ec330fab1cf24eafe1f7536db7 0 1 2 3 4 5 6 7 9 10 11 12 13 14 15 16 17 18 19 20 21 22 23 24 25 26 27 28 29 30 31 32 33 34 35 36 37 38 39 40 41 42 43 44 45 46 47 48 49 50 51 52 53 54 55 56 57 58 59 60 61 62 63 64 65 66 67 68 69 70 71 72 73 74 75 76 77 78 79 80 81 82 83 84 85 86 87 88 89 90 91 92 93 94 95 96 97 98 99 100 101 102 103 104 105 106 107 108 109 110 111 112 113 114 115 116 117 118 119 120 121 122 123 124 125 126 127 128 129 130 131 132 133 134 135 136 137 138 139 140 141 142 143 144 145 146 147 148 149 150 151 152 153 154 155 156 157 158 159 160 161 162 163 164
f8268ac4adf360cd139e173aaa831a55e55a0d5b779195c5573ac67e747d9174 0 1 2 3 4 5 6 7 8 9 10 11 12 13 14 15 16 17 18 19 20 21 22 23 24 25 26 27 28 29 30 31 32 33 34 35 36 37 38 39 40 41 42 43 45 46 47 48 49 50 51 52 53 54 55 56 57 58 59 60 61 62 63 64 65
750f4b5530cbe03128ed4167b4184493a55bae32f1daa08a949d0209c9f7a7bc 0 1 2 3 4 5 6 7 8 9 10 11 12 13 14 15 16 17 18 19 20 21 22 23 24 25 26 27 28 29 30 31 32 33 34 35 36 37 38 39 40 41 42 43 44 45 46 47 48 49 50 51 52 53 54 55 56 57 58 59 60 61 62 63 64 65 66 67 68 69 70 71 72 73 74 75 76 77 78 79 80 81 82 83 84 85 86 87 88 89 90 91 93 94 95 96 97 98 99 100 101 102 103 104 105 106 107 108 109 110 111 112 113
48e13a940dd77f1132185d896cec206ed46654fd515c651c05c0a8dc1698b95d 0 1 2 3 4 5 6 7 8 9 10 11 12 13 14 15 16 17 18 19 20 21 22 23 24 25 26 27 28 29 30 31 32 33 34 35 36 37 38 39 40 41 42 43 44 45 46 47 48 49 50 51 52 53 54 55 56 57 58 59 60 61 62 63 64 65 66 67 68 69 70 71 73 74 75 76 77 78 79 80 81 82 83 84 85 86 87 88 89 90 91 92 93 94 95 96 97 98 99 100 101 102 103 104 105 106 107 108 109 110 111 112 113 114 115 116 117 118 119 120 121 122 123 124 125 126 127 128 129 130 131 132 133 134 135 136 137 138 139 140 141 142 143 144 145 146 147 148 149 150 151 152 153 154 155 156 157 158 159 160 161 162 163 164
165c3a738f93b5a1b464b711569728a889815be2739cebe36e649d0a4c2c8548 0 1 2 3 4 5 6 7 8 9 10 11 12 13 14 15 16 17 18 19 20 21 22 23 24 25 26 27 28 29 30 31 32 33 34 35 36 37 38 39 40 41 42 43 44 45 46 47 48 49 50 51 52 53 54 55 56 57 58 59 60 61 62 63 64 65 66 67 68 69 70 71 72 73 74 75 76 77 78 79 80 81 82 83 84 85 86 87 88 89 90 91 92 93 94 95 96 97 98 99 100 101 102 103 104 105 106 107 108 109 110 111 112 113 114 115 116 117 118 119 120 121 122 123 124 125 126 127 128 129 130 131 132 133 134 135 136 137 138 139 140 141 142 143 144 146 147 148 149 150 151 152 153 154 155 156 157 158 159 160 161 162 163 164
8c86e3a8c0eb4557f8408d0fedffae23ac314eefc7302b8f1e66abac38c3719a 0 1 2 3 4 5 6 7 8 9 10 11 12 13 14 16 17 18 19 20 21 22 23 24 25 26 27 28 29 30 31 32 33 34 35 36 37 38 39 40 41 42 43 44 45 46 47 48 49 50 51 52 53 54 55 56 57 58 59 60 61 62 63 64 65 66 67 68 69 70 71 72 73 74 75 76 77 78 79 80 81 82 83 84 85 86 87 88 89 90 91 92 93 94 95 96 97 98 99 100 101 102 103 104 105 106 107 108 109 110 111 112 113 114 115 116 117 118 119 120 121 122 123 124 125 126 127 128 129 130 131 132 133 134 135 136
59f5b76fce65a9cba95bb778e9ca2026fa2d4fd35cad10a9251b90e1685e0137 0 1 2 3 4 5 6 7 8 9 10 11 12 14
1b21a0c01c5e335dd72d40cbed7d26b5af5ae503afdfe5ec09a3ce99828f8716 0 1 2 4 5 6 7 8 9 10 11 12 13 14 15 16 17 18 19 20 21 22 23 24 25 26 27 28 29 30 31 32 33 34 35 36 37 38 39 40 41 42 43 44 45 46 47 48 49 50 51 52 53 54 55 56 57 58 59 60 61 62 63
8aba28e2ad1828a6b77079b501df8ad7865ad716f844844bfeba75820535ec34 0 1 2 3 4 5 6 7 8 9 10 11 12 13 14 15 16 18 19 20 21 22 23 24 25 26 27 28 29 30 31 32 33 34 35 36 37
f44d3ef6006c7b168df87bff5b7dd9b4af9c3de0f5f4e0d6f3c3eb740ce04942 0 1 2 3 4 5 6 7 8 9 10 11 12 13 14 15 16 17 18 19 20 21 22 23 24 25 26 27 28 29 30 31 32 33 34 35 36 37 38 40 41 42 43 44 45 46 47 48 49 50 51 52 53 54 55 56 57 58 59 60 61 62 63 64 65 66 67 68 69 70 71 72 73
fff1ea76b46e632f2658e2facf66fc91ba394e33dfaf8dd82dbc0e735122e3f8 0 1 2 3 4 5 6 7 8 9 10 11 13 14 15 16 17 18 19 20 21 22 23 24 25
694b7764ba16c200c34c27084871cdef1e91e12d8e0ff6abc8f8681abea89085 0 1 2 3 4 5 6 7 8 9 10 11 12 13 14 15 16 17 18 19 20 21 22 23 24 25 26 27 28 29 30 31 32 33 34 35 36 37 38 39 40 41 42 43 45 46 47 48 49 50 51 52 53 54 55 56 57 58 59 60 61 62 63 64 65 66 67 68 69 70 71 72 73 74 75 76 77 78 79 80 81 82 83 84 85 86 87 88 89 90 91 92 93 94 95 96 97 98 99 100 101 102 103 104 105 106 107 108 109 110 111 112 113 114 115 116 117 118 119 120 121 122 123 124 125 126 127 128 129 130 131 132 133 134 135 136 137
